7 5 4 14 0 13 12 2 3 1 9 15 10 11 6 8
14 13 0 11 3 2 12 8 4 1 10 9 7 6 15 5
6 2 11 4 8 9 13 15 0 12 5 10 14 1 7 3
15 11 6 2 9 5 10 7 1 14 8 3 13 4 0 12
2 11 12 9 0 1 14 4 6 15 3 10 7 8 5 13
4 7 15 14 3 12 1 2 10 13 0 6 5 8 9 11
3 2 8 14 12 15 6 10 5 13 7 11 0 4 1 9
12 6 5 14 3 9 0 7 4 11 10 2 8 15 13 1
15 6 7 12 13 5 2 1 10 3 14 4 0 9 8 11
2 4 15 9 1 8 13 12 14 5 10 6 11 7 3 0
12 15 6 4 1 10 3 8 9 14 2 13 5 11 7 0
5 11 4 9 7 6 15 3 14 13 0 10 12 8 2 1
8 1 14 10 4 3 9 6 0 5 2 7 15 13 12 11
12 0 2 8 7 4 13 10 9 5 3 14 15 6 1 11
4 3 2 1 8 13 11 9 6 0 7 5 12 15 10 14
2 3 14 12 7 8 10 9 6 0 13 5 15 4 11 1
15 9 3 2 10 0 14 13 11 4 5 8 7 6 1 12
0 12 5 1 6 11 2 9 8 3 14 4 10 7 13 15
1 12 15 3 11 13 10 6 7 2 4 0 5 9 8 14
11 3 1 9 12 10 15 5 13 6 7 14 2 0 8 4
