45 moves: 13 1 3 13 7 5 1 3 9 6 11 10 13 9 6 12 2 14 4 2 14 15 8 11 12 14 15 8 11 12 14 15 3 7 5 1 2 3 7 6 10 14 15 11 12 
56 moves: 11 8 9 5 15 10 5 9 12 2 1 4 3 14 13 1 4 3 14 13 1 4 2 11 4 2 3 5 9 12 11 3 5 6 7 14 13 5 6 9 10 7 14 13 9 10 7 15 12 11 8 4 3 7 11 12 
50 moves: 8 9 13 5 12 13 9 8 13 1 14 13 8 9 1 8 9 1 5 11 2 6 1 5 11 15 10 3 7 12 15 10 3 7 12 15 8 11 10 3 7 8 11 10 6 2 3 7 8 12 
41 moves: 4 14 5 9 1 5 9 11 15 1 5 9 11 15 6 2 7 3 8 4 14 11 15 10 4 15 11 14 15 11 10 6 2 7 3 4 7 3 4 8 12 
49 moves: 1 14 12 9 4 12 3 15 8 5 13 10 15 8 14 11 9 3 8 14 5 13 10 15 12 8 11 9 2 1 9 5 6 7 13 6 7 9 5 7 6 10 14 11 7 6 10 14 15 
50 moves: 9 8 13 12 1 15 7 4 3 1 15 2 14 7 4 3 1 10 5 13 12 15 2 14 6 11 8 12 15 9 14 6 7 4 3 2 10 5 9 14 11 8 12 15 14 10 6 7 8 12 
57 moves: 5 13 4 1 7 11 10 14 8 6 15 4 1 5 13 1 5 7 9 10 14 15 4 12 3 2 6 4 12 3 1 5 7 9 10 14 15 12 3 7 9 10 14 15 12 8 4 3 7 6 2 1 5 9 10 14 15 
65 moves: 7 2 10 13 15 11 13 10 1 15 11 13 4 8 13 11 10 4 8 3 12 6 5 14 2 1 4 7 1 4 7 8 9 12 3 9 12 3 6 5 14 1 3 14 1 2 4 7 8 12 14 6 5 1 2 3 7 8 12 10 11 14 10 11 15 
51 moves: 10 13 15 6 5 2 7 12 1 4 11 8 14 7 12 1 4 11 7 12 2 15 6 5 1 2 15 3 9 10 13 9 10 14 12 15 11 7 8 12 15 11 3 6 5 1 2 3 7 8 12 
48 moves: 3 10 13 15 9 12 6 3 10 7 11 14 5 13 15 9 4 2 1 5 13 8 9 6 3 15 8 9 6 3 12 4 3 8 7 10 15 12 8 7 10 11 14 13 9 10 11 15 
50 moves: 13 8 3 2 7 13 8 7 14 10 15 12 1 15 12 6 2 12 15 9 10 11 13 14 12 15 9 10 5 13 14 12 15 3 7 8 12 15 11 9 10 5 9 10 6 2 3 7 8 12 
54 moves: 15 4 9 3 10 1 2 8 12 14 13 15 1 2 8 12 15 1 2 10 4 9 11 6 1 2 9 11 6 1 2 9 10 8 12 15 14 13 9 10 11 2 7 5 1 6 2 7 6 2 3 4 8 12 
48 moves: 5 3 1 8 4 1 9 14 8 9 14 2 3 14 9 4 1 5 14 13 15 14 13 9 2 6 10 8 4 2 6 3 7 10 8 4 3 7 10 11 12 15 14 13 9 10 11 12 
53 moves: 12 7 9 5 3 13 4 12 2 4 12 3 13 12 3 9 5 13 6 1 12 6 1 15 13 1 9 5 1 9 6 14 10 8 4 2 7 1 5 7 2 3 7 6 14 10 11 12 15 14 10 11 12 
61 moves: 13 3 2 1 9 11 3 8 4 2 1 3 8 4 2 1 3 8 4 2 6 13 7 5 11 9 8 4 9 8 4 3 2 9 5 7 15 12 13 6 9 5 7 15 12 10 14 11 15 12 6 9 5 6 10 14 11 15 12 11 15 
59 moves: 13 5 1 11 4 15 6 13 5 10 14 3 8 5 10 4 15 10 4 1 9 12 3 8 5 4 1 9 11 15 10 6 13 1 9 14 4 7 1 9 6 10 14 11 12 4 8 3 4 8 7 5 2 1 5 6 10 14 15 
54 moves: 4 5 14 4 5 11 7 6 1 14 11 7 10 15 9 3 4 13 2 4 3 5 13 2 8 11 7 1 6 10 15 13 1 15 13 9 5 1 2 7 15 6 10 13 9 5 1 2 6 10 14 15 11 12 
52 moves: 12 5 2 11 3 7 13 14 7 8 6 12 5 3 11 9 4 7 8 11 9 2 1 4 7 8 11 6 12 9 3 1 2 3 6 12 10 13 14 11 12 10 9 5 1 2 3 7 8 12 11 15 
43 moves: 4 10 13 2 7 5 9 7 10 13 15 12 2 11 5 10 13 15 6 4 15 8 7 13 11 6 12 3 4 12 8 7 14 15 12 8 7 11 10 9 13 14 15 
58 moves: 6 7 15 5 14 4 8 15 7 13 2 6 13 10 12 2 6 13 10 12 5 14 4 7 14 1 9 4 7 8 15 14 12 5 1 9 3 1 2 11 1 2 11 6 5 11 9 7 8 12 11 9 6 5 9 10 14 15 
